0.125
0.0
0.0
0.4
0.14285714285714285
-0.06666666666666667
-0.15555555555555559
0.1
-0.2
0.0
0.3333333333333333
0.0
0.1
0.6
0.05
0.0
0.0
0.0
0.0
0.0
-0.016666666666666663
0.13636363636363635
0.011904761904761899
0.0
0.0
0.3841269841269841
0.0
0.0
0.5
-0.3
0.0010101010101010073
-0.5
0.0
0.0
0.0
0.0
0.0
0.0
0.0
0.0
0.0
0.0
0.0
0.0
0.0
0.0
-0.7999999999999999
0.0
0.0
0.0
0.0
0.0
0.17045454545454544
0.24285714285714285
-0.055
0.0
0.0
0.0
0.2
0.2878787878787879
0.0625
0.0
0.0
0.2
0.0
0.22727272727272727
0.0
0.12323232323232325
0.0
0.0
0.0
0.0
-0.1875
-0.06818181818181818
0.0
0.0
0.05
0.0
0.13636363636363635
0.0
0.0
0.15
0.0
0.1481818181818182
0.3333333333333333
0.0
0.0
0.0
0.0
0.20000000000000004
-0.23333333333333334
-0.2
0.0
0.0
-0.16666666666666666
0.0
0.15
0.12323232323232325
0.0
0.13636363636363635
0.10000000000000002
0.0
0.0
0.0
0.4
-0.2
0.15
-0.5
0.0
0.0
-0.1
0.0
0.15
0.8
0.0
0.45
0.5
0.0
0.1
0.0
0.5
0.0
-0.125
0.05
0.0
0.0
0.4
0.5
0.09166666666666667
0.0
0.0
0.0
0.0
0.5
0.15
0.0
0.1
-0.2
0.0
0.0
-0.25
0.0
-0.25
0.0
0.0
0.2866666666666667
0.0
0.0
0.0
0.0
0.0
0.0
0.0
0.1
0.2
0.0
0.0
0.0
0.0
0.0
0.0
0.0
0.0
0.13636363636363635
0.0
0.0
0.0
0.0
0.0
0.0
0.0
0.05
0.0
0.5
0.0
0.0
-0.125
0.0
-0.2
0.3
0.0
0.0
0.0
0.0
0.0
-0.7999999999999999
0.125
0.15
0.0
0.0
0.2857142857142857
0.15
0.22727272727272727
-0.125
0.5
0.25
0.11818181818181818
0.0
-0.2
0.0
-0.4
0.2
0.05
0.0
0.15
0.0
0.0
0.0
0.0
0.1
0.0
-0.055555555555555546
0.0
0.15
0.0
0.0
0.0
0.0
0.31363636363636366
-0.06666666666666667
0.0
0.0
0.0625
0.0
0.5
0.0
-0.5
0.0
0.0062500000000000056
0.375
0.0
0.12323232323232325
0.0
0.1
0.0
0.0
-0.016666666666666663
-0.025
0.0
0.08666666666666667
0.0
0.12323232323232325
0.15
0.0
0.5
0.10000000000000002
0.0
0.0
0.0
0.0
0.0
0.0
0.0
0.0
-0.3125
0.0
0.0
-0.75
0.0
0.0
0.0
0.1
0.09999999999999999
0.35555555555555557
0.0
0.0
0.6
0.0
0.0
0.0
0.0
0.0
0.19999999999999998
0.15
0.0
-0.016666666666666663
0.0
0.9765625
0.0
0.0
0.5
0.5
0.0
0.0
0.0
0.0
0.0
0.5
0.05
0.0
0.0
0.15
0.0
0.0
0.0
0.0
0.275
0.0
0.5
-0.75
0.13636363636363635
0.0
0.0
0.0
0.0
0.0
0.25
0.0
0.0
-0.0625
-0.7999999999999999
0.0
0.0
0.0
0.0
0.0
-0.3
0.0
0.22727272727272727
-0.23888888888888887
0.0
0.0
0.0
0.15
0.0
0.0
0.375
0.0
0.0
0.0
0.0
0.2
0.2898809523809524
0.0
-0.125
0.0
0.0
0.0
0.0
0.0
0.22727272727272727
0.0
0.0
0.13636363636363635
0.6
0.0
0.1
-0.06666666666666667
0.0
0.125
0.06818181818181818
0.0
0.0
0.0
0.5
0.0
0.15
0.0
0.34242424242424246
0.0
0.0
0.2866666666666667
-0.6
0.0
0.0
0.0
0.0
0.13636363636363635
0.08
0.0
0.2
0.1
0.0
-0.125
0.0
0.1111111111111111
0.15
0.0
-0.1875
0.05000000000000002
-0.016666666666666663
-0.05
0.0
0.0
0.13636363636363635
0.0
0.0
0.0
-0.1
0.0
-0.1875
-0.15555555555555559
-0.16666666666666666
0.0
0.0
0.4000000000000001
0.0
-0.625
0.0
0.0
0.10000000000000002
0.0
0.2
0.0
0.0
0.0
0.0
-0.35000000000000003
0.0
-0.15
0.15
0.0
0.0
-0.3
-0.15555555555555559
0.0
0.06818181818181818
0.25
0.0
0.0
0.12323232323232325
0.0
0.13333333333333333
0.0
-0.06818181818181818
0.0
0.0
0.0
0.25
0.0
0.14069264069264067
0.0
0.0
0.0
0.0
0.21212121212121213
0.0
0.0
0.0
0.0
0.5
0.0
0.2
0.0
0.2857142857142857
0.0
-0.06666666666666667
0.0
-0.13333333333333333
0.0
0.0
0.0
0.3
-0.25
0.14069264069264067
0.3
0.0
0.1125
0.0
0.0
0.0
0.0
-0.055
0.0
-0.6
0.22727272727272727
0.0
0.0
0.375
0.0
0.0
0.35714285714285715
0.09523809523809523
0.0
0.2
0.0
0.0
0.0
-0.7999999999999999
0.35714285714285715
0.0
0.36666666666666664
0.25
-0.47500000000000003
0.22727272727272727
0.0
0.0
-0.5
0.15
0.0
0.5
0.0
0.0
0.35
-0.7999999999999999
0.0
0.12323232323232325
0.15
0.0
0.0
0.0
0.2
0.0
0.11363636363636363
0.0
0.2
-0.15555555555555559
0.1
0.0
0.0
-0.7999999999999999
0.0
-0.34375
0.0625
0.0
0.0
0.0
0.0
0.0
0.0
0.0
0.05
0.0
0.0
0.0
0.0
0.0
0.0
0.0
-0.5
0.0
0.0
0.0
0.3
0.5
-0.5
0.0
0.0
0.22727272727272727
0.18
0.0
0.15
-0.055
0.0
-0.15555555555555559
-0.09999999999999998
0.0
0.0
0.10000000000000002
0.0
0.0
0.13636363636363635
0.125
0.0
0.20833333333333334
0.5
0.4
0.0
0.0
0.5
0.0
0.0
0.22666666666666668
0.0
0.0
-0.07142857142857142
0.0
0.2
-0.75
0.0
0.13636363636363635
0.0
-0.06666666666666667
0.0
0.0
0.0
-0.39
0.0
0.2
0.15
0.0
0.5
0.0
0.0
0.0
0.23333333333333336
0.25
0.37777777777777777
0.0
0.0
0.2
0.9
0.0
-0.06666666666666667
0.0
0.0
0.0
0.125
0.3333333333333333
0.0
0.23333333333333336
0.0
0.0
-0.06666666666666667
0.0
0.0
0.0
0.0
0.012121212121212116
0.0
0.0
0.0
0.25
0.3181818181818182
-0.08333333333333333
0.0625
0.08666666666666667
0.0
0.0
0.375
0.4
0.13636363636363635
0.0
0.1
0.0
0.0
0.0
0.3515625
0.2681818181818182
0.4
0.0
0.5
-0.3
-0.7999999999999999
0.0
0.0
0.0
0.125
0.04999999999999999
0.12323232323232325
0.0
0.0
0.0
0.0
0.0
0.11363636363636363
0.0
-0.19166666666666665
0.4125
0.0
0.0
0.0
0.08666666666666667
-0.2125
-0.07142857142857142
0.0
0.0
0.0
0.0
-0.25
-0.3166666666666667
0.0
0.0
0.05000000000000002
0.0
0.1416666666666667
0.0
0.0
0.4
0.0
-0.4
0.0
0.0
0.0
-0.25416666666666665
0.0
0.5166666666666667
0.0
0.0
0.0
-0.2277777777777778
0.0
0.0
0.0
0.0
0.16
0.0
0.0
0.0
0.0
0.0
0.5
0.0
0.0
0.18
0.5
0.15
0.0
-0.04999999999999999
-0.06666666666666667
0.0
0.0
0.0
0.0
-0.1
-0.23333333333333334
-0.4
0.0
0.0
0.0
0.0
0.0
0.0
0.0
0.08666666666666667
-0.6999999999999998
0.0
0.08666666666666667
0.12323232323232325
0.0
0.0
0.0
0.0
0.0
-0.016666666666666663
0.0
0.0
0.10000000000000002
0.15
0.0
0.0
0.0
0.0
0.0
0.0
0.05000000000000002
0.10075757575757577
0.0
0.2916666666666667
-0.08333333333333333
0.16818181818181818
0.0
0.0
0.0
0.0
0.0
0.0
0.5
0.0
0.10000000000000002
0.0
0.0
0.5
0.0
0.0
0.0
0.0
0.0
0.0
0.0
0.2333333333333333
0.0
0.0
0.0
0.0
0.0
-0.7999999999999999
0.0
-0.25
0.0
0.0
0.0
0.0
0.0
0.0
0.0
0.15
0.0
0.0
0.16666666666666666
0.0
0.25
0.0
0.0
0.0
0.0
0.05
0.0
0.1
0.0
-0.10555555555555556
0.0
0.0
0.0
-0.03333333333333333
0.0
0.0
0.0
0.2041666666666667
0.0
0.4000000000000001
0.0
0.0
0.21428571428571427
0.425
0.3333333333333333
0.0
-0.7999999999999999
0.0
0.0
0.0
0.0
0.0
0.0
0.0062500000000000056
0.0
0.0
-0.125
0.37878787878787873
-0.25
-0.1
0.13636363636363635
0.0
0.0
-0.4000000000000001
0.0
0.0
0.22727272727272727
0.4000000000000001
0.15
0.13636363636363635
0.0
0.0
0.0
0.0
0.0
0.0
0.0
0.0
0.2
0.0
0.0
0.0
0.0
0.0
0.0
0.12323232323232325
0.3375
0.0
0.10000000000000002
0.0
-0.20999999999999996
0.0
0.0
0.5
0.0
0.3333333333333333
-0.05
0.0
0.0
0.0
0.0
0.3375
0.0
0.0
0.0
0.10681818181818181
0.0
0.0
0.0
-0.3
0.0
0.0
-0.18787878787878787
0.05
0.0
0.0
0.0
0.0
0.15
0.10909090909090909
0.008333333333333304
0.0
-0.5
-0.15
0.0
0.5
0.25
0.0
-0.125
1.0
-0.2
0.0
0.0
0.10172526041666664
0.5
0.0
0.0
0.0
-0.25
0.0
0.15
0.0
-0.0625
0.0
-0.625
0.0
-0.25
0.5
0.2878787878787879
0.0
0.5
0.0
0.6
0.0
0.0
0.0
0.0
0.15
0.0
0.0
0.0
-0.3
0.0
0.22727272727272727
0.0
0.0
0.4
0.0
0.0
0.0
0.0
-0.15
0.13636363636363635
0.0
0.0
0.13636363636363635
0.0
0.0
0.17045454545454544
0.0
-0.14999999999999997
0.0
0.0
0.13636363636363635
-0.2
-0.75
0.0
0.14166666666666666
-0.06666666666666667
0.2
0.0
0.0037878787878787845
0.0
0.0
0.20000000000000004
0.0
0.0
0.22727272727272727
0.0
-0.2277777777777778
0.0
0.0
0.0
0.0
0.0
0.0
0.0
-0.3
0.0
0.0
0.0
0.0
0.10000000000000002
0.15
-0.125
0.22727272727272727
0.0
0.0
0.6
0.0
0.0
-0.5
0.0
0.0
0.0
0.0
0.0
0.0
0.0
0.0
0.05
0.0
0.0
0.0
0.0
0.0
0.0
-0.2625
0.0
Very-Positive = 40
Positive = 238
Neutral = 592
Negative = 104
Very-Negative = 26
